1
1650
[]

1
1651
[]

1
1652
[]

1
1653
[]

1
1654
[]

1
1655
[]

1
1656
[]

1
1657
[]

1
1658
[]

2
1659
[]

2
1660
[]

2
1661
[]

2
1662
[]

3
1663
[]

3
1664
[]

3
1665
[]

3
1666
[]

3
1667
[]

3
1668
[]

4
1669
[]

4
1670
[]

4
1671
[]

4
1672
[]

4
1673
[]

4
1674
[]

4
1675
[]

5
1676
[]

5
1677
[]

5
1678
[]

5
1679
[]

5
1680
[]

5
1681
[]

5
1682
[]

5
1683
[]

5
1684
[]

5
1685
[]

6
1686
[]

6
1687
[]

6
1688
[]

6
1689
[]

6
1690
[]

6
1691
[]

6
1692
[]

6
1693
[]

6
1694
[]

6
1695
[]

7
1696
[]

7
1697
[]

7
1698
[]

8
1699
[]

8
1700
[]

8
1701
[]

8
1702
[]

8
1703
[]

8
1704
[]

8
1705
[]

8
1706
[]

9
1707
[]

9
1708
[]

9
1709
[]

9
1710
[]

10
1711
[]

11
1712
[]

11
1713
[]

11
1714
[]

11
1715
[]

11
1716
[]

11
1717
[]

13
1718
[]

13
1719
[]

13
1720
[]

13
1721
[]

13
1722
[]

13
1723
[]

14
1724
[]

15
1725
[]

15
1726
[]

15
1727
[]

15
1728
[]

15
1729
[]

15
1730
[]

15
1731
[]

16
1732
[]

16
1733
[]

16
1734
[]

16
1735
[]

16
1736
[]

16
1737
[]

16
1738
[]

16
1739
[]

16
1740
[]

17
1741
[]

17
1742
[]

17
1743
[]

17
1744
[]

17
1745
[]

17
1746
[]

17
1747
[]

18
1748
[]

19
1749
[]

19
1750
[]

19
1751
[]

19
1752
[]

19
1753
[]

19
1754
[]

20
1755
[]

20
1756
[]

20
1757
[]

20
1758
[]

20
1759
[]

20
1760
[]

20
1761
[]

21
1762
[]

21
1763
[]

21
1764
[]

21
1765
[]

22
1766
[]

22
1767
[]

22
1768
[]

22
1769
[]

22
1770
[]

22
1771
[]

22
1772
[]

22
1773
[]

22
1774
[]

23
1775
[]

23
1776
[]

23
1777
[]

23
1778
[]

23
1779
[]

23
1780
[]

23
1781
[]

23
1782
[]

25
1783
[]

25
1784
[]

25
1785
[]

25
1786
[]

25
1787
[]

25
1788
[]

25
1789
[]

25
1790
[]

25
1791
[]

26
1792
[]

26
1793
[]

26
1794
[]

27
1795
[]

27
1796
[]

27
1797
[]

27
1798
[]

27
1799
[]

27
1800
[]

27
1801
[]

27
1802
[]

27
1803
[]

28
1804
[]

28
1805
[]

28
1806
[]

28
1807
[]

28
1808
[]

28
1809
[]

28
1810
[]

28
1811
[]

28
1812
[]

29
1813
[]

29
1814
[]

29
1815
[]

29
1816
[]

29
1817
[]

29
1818
[]

29
1819
[]

30
1820
[]

30
1821
[]

30
1822
[]

30
1823
[]

31
1824
[]

31
1825
[]

31
1826
[]

31
1827
[]

31
1828
[]

31
1829
[]

31
1830
[]

31
1831
[]

31
1832
[]

32
1833
[]

32
1834
[]

32
1835
[]

32
1836
[]

32
1837
[]

32
1838
[]

32
1839
[]

32
1840
[]

32
1841
[]

33
1842
[]

33
1843
[]

33
1844
[]

33
1845
[]

33
1846
[]

35
1847
[]

35
1848
[]

35
1849
[]

35
1850
[]

35
1851
[]

36
1852
[]

36
1853
[]

36
1854
[]

36
1855
[]

36
1856
[]

36
1857
[]

37
1858
[]

37
1859
[]

37
1860
[]

37
1861
[]

37
1862
[]

37
1863
[]

37
1864
[]

37
1865
[]

37
1866
[]

37
1867
[]

38
1868
[]

38
1869
[]

38
1870
[]

38
1871
[]

38
1872
[]

38
1873
[]

38
1874
[]

38
1875
[]

39
1876
[]

39
1877
[]

39
1878
[]

39
1879
[]

39
1880
[]

39
1881
[]

39
1882
[]

40
1883
[]

40
1884
[]

40
1885
[]

40
1886
[]

40
1887
[]

40
1888
[]

40
1889
[]

40
1890
[]

41
1891
[]

41
1892
[]

41
1893
[]

42
1894
[]

42
1895
[]

42
1896
[]

42
1897
[]

42
1898
[]

42
1899
[]

43
1900
[]

43
1901
[]

43
1902
[]

43
1903
[]

43
1904
[]

44
1905
[]

44
1906
[]

44
1907
[]

44
1908
[]

44
1909
[]

44
1910
[]

45
1911
[]

45
1912
[]

45
1913
[]

45
1914
[]

45
1915
[]

45
1916
[]

45
1917
[]

45
1918
[]

45
1919
[]

47
1920
[]

47
1921
[]

48
1922
[]

48
1923
[]

49
1924
[]

50
1925
[]

50
1926
[]

50
1927
[]

50
1928
[]

50
1929
[]

50
1930
[]

50
1931
[]

50
1932
[]

51
1933
[]

51
1934
[]

51
1935
[]

51
1936
[]

51
1937
[]

51
1938
[]

51
1939
[]

52
1940
[]

52
1941
[]

52
1942
[]

52
1943
[]

52
1944
[]

52
1945
[]

52
1946
[]

52
1947
[]

53
1948
[]

53
1949
[]

53
1950
[]

53
1951
[]

53
1952
[]

53
1953
[]

53
1954
[]

54
1955
[]

54
1956
[]

54
1957
[]

54
1958
[]

54
1959
[]

55
1960
[]

55
1961
[]

55
1962
[]

55
1963
[]

57
1964
[]

57
1965
[]

59
1966
[]

59
1967
[]

59
1968
[]

59
1969
[]

59
1970
[]

60
1971
[]

60
1972
[]

60
1973
[]

60
1974
[]

60
1975
[]

61
1976
[]

61
1977
[]

61
1978
[]

61
1979
[]

61
1980
[]

61
1981
[]

61
1982
[]

62
1983
[]

63
1984
[]

63
1985
[]

63
1986
[]

63
1987
[]

64
1988
[]

64
1989
[]

64
1990
[]

64
1991
[]

65
1992
[]

65
1993
[]

65
1994
[]

65
1995
[]

65
1996
[]

65
1997
[]

65
1998
[]

65
1999
[]

66
2000
[]

66
2001
[]

66
2002
[]

66
2003
[]

66
2004
[]

66
2005
[]

67
2006
[]

67
2007
[]

67
2008
[]

67
2009
[]

67
2010
[]

68
2011
[]

68
2012
[]

68
2013
[]

68
2014
[]

68
2015
[]

68
2016
[]

68
2017
[]

70
2018
[]

70
2019
[]

70
2020
[]

71
2021
[]

71
2022
[]

71
2023
[]

71
2024
[]

71
2025
[]

71
2026
[]

71
2027
[]

71
2028
[]

71
2029
[]

72
2030
[]

72
2031
[]

72
2032
[]

72
2033
[]

72
2034
[]

72
2035
[]

72
2036
[]

72
2037
[]

72
2038
[]

73
2039
[]

73
2040
[]

74
2041
[]

74
2042
[]

75
2043
[]

75
2044
[]

75
2045
[]

75
2046
[]

75
2047
[]

75
2048
[]

75
2049
[]

77
2050
[]

77
2051
[]

77
2052
[]

77
2053
[]

77
2054
[]

77
2055
[]

77
2056
[]

77
2057
[]

78
2058
[]

78
2059
[]

78
2060
[]

78
2061
[]

79
2062
[]

79
2063
[]

80
2064
[]

80
2065
[]

80
2066
[]

80
2067
[]

80
2068
[]

81
2069
[]

81
2070
[]

81
2071
[]

81
2072
[]

81
2073
[]

81
2074
[]

81
2075
[]

81
2076
[]

82
2077
[]

82
2078
[]

82
2079
[]

82
2080
[]

82
2081
[]

82
2082
[]

82
2083
[]

82
2084
[]

83
2085
[]

83
2086
[]

83
2087
[]

84
2088
[]

84
2089
[]

84
2090
[]

84
2091
[]

86
2092
[]

86
2093
[]

87
2094
[]

87
2095
[]

87
2096
[]

87
2097
[]

87
2098
[]

87
2099
[]

88
2100
[]

88
2101
[]

88
2102
[]

88
2103
[]

88
2104
[]

88
2105
[]

89
2106
[]

89
2107
[]

89
2108
[]

89
2109
[]

89
2110
[]

89
2111
[]

89
2112
[]

90
2113
[]

90
2114
[]

90
2115
[]

91
2116
[]

91
2117
[]

91
2118
[]

101
2119
[]

101
2120
[]

101
2121
[]

101
2122
[]

101
2123
[]

101
2124
[]

101
2125
[]

140
2126
[]

140
2127
[]

140
2128
[]

140
2129
[]

140
2130
[]

140
2131
[]

140
2132
[]

140
2133
[]

140
2134
[]

141
2135
[]

141
2136
[]

141
2137
[]

141
2138
[]

141
2139
[]

141
2140
[]

141
2141
[]

142
2142
[]

142
2143
[]

142
2144
[]

142
2145
[]

142
2146
[]

142
2147
[]

142
2148
[]

142
2149
[]

142
2150
[]

142
2151
[]

143
2152
[]

143
2153
[]

143
2154
[]

143
2155
[]

144
2156
[]

144
2157
[]

144
2158
[]

144
2159
[]

145
2160
[]

145
2161
[]

145
2162
[]

145
2163
[]

146
2164
[]

146
2165
[]

146
2166
[]

146
2167
[]

146
2168
[]

146
2169
[]

146
2170
[]

146
2171
[]

147
2172
[]

147
2173
[]

147
2174
[]

147
2175
[]

147
2176
[]

147
2177
[]

147
2178
[]

147
2179
[]

147
2180
[]

147
2181
[]

148
2182
[]

148
2183
[]

148
2184
[]

148
2185
[]

148
2186
[]

148
2187
[]

148
2188
[]

148
2189
[]

148
2190
[]

149
2191
[]

149
2192
[]

149
2193
[]

149
2194
[]

150
2195
[]

150
2196
[]

151
2197
[]

151
2198
[]

151
2199
[]

151
2200
[]

151
2201
[]

151
2202
[]

151
2203
[]

151
2204
[]

151
2205
[]

202
2206
[]

202
2207
[]

202
2208
[]

202
2209
[]

202
2210
[]

202
2211
[]

202
2212
[]

202
2213
[]

204
2214
[]

204
2215
[]

204
2216
[]

204
2217
[]

205
2218
[]

205
2219
[]

205
2220
[]

205
2221
[]

205
2222
[]

206
2223
[]

206
2224
[]

206
2225
[]

206
2226
[]

206
2227
[]

206
2228
[]

207
2229
[]

207
2230
[]

207
2231
[]

207
2232
[]

207
2233
[]

207
2234
[]

207
2235
[]

208
2236
[]

208
2237
[]

208
2238
[]

208
2239
[]

208
2240
[]

208
2241
[]

208
2242
[]

208
2243
[]

208
2244
[]

209
2245
[]

209
2246
[]

209
2247
[]

209
2248
[]

209
2249
[]

209
2250
[]

209
2251
[]

209
2252
[]

210
2253
[]

210
2254
[]

210
2255
[]

210
2256
[]

210
2257
[]

211
2258
[]

211
2259
[]

211
2260
[]

211
2261
[]

211
2262
[]

211
2263
[]

211
2264
[]

212
2265
[]

212
2266
[]

212
2267
[]

212
2268
[]

212
2269
[]

212
2270
[]

213
2271
[]

213
2272
[]

213
2273
[]

216
2274
[]

216
2275
[]

216
2276
[]

216
2277
[]

217
2278
[]

217
2279
[]

217
2280
[]

217
2281
[]

217
2282
[]

217
2283
[]

218
2284
[]

218
2285
[]

218
2286
[]

218
2287
[]

218
2288
[]

218
2289
[]

219
2290
[]

219
2291
[]

219
2292
[]

219
2293
[]

219
2294
[]

219
2295
[]

219
2296
[]

220
2297
[]

220
2298
[]

220
2299
[]

220
2300
[]

222
2301
[]

222
2302
[]

222
2303
[]

222
2304
[]

222
2305
[]

225
2306
[]

225
2307
[]

225
2308
[]

225
2309
[]

225
2310
[]

226
2311
[]

226
2312
[]

226
2313
[]

227
2314
[]

227
2315
[]

228
2316
[]

228
2317
[]

228
2318
[]

228
2319
[]

228
2320
[]

228
2321
[]

228
2322
[]

229
2323
[]

229
2324
[]

229
2325
[]

229
2326
[]

230
2327
[]

230
2328
[]

232
2329
[]

232
2330
[]

232
2331
[]

232
2332
[]

232
2333
[]

232
2334
[]

233
2335
[]

233
2336
[]

233
2337
[]

233
2338
[]

233
2339
[]

233
2340
[]

233
2341
[]

234
2342
[]

234
2343
[]

234
2344
[]

234
2345
[]

234
2346
[]

234
2347
[]

235
2348
[]

235
2349
[]

235
2350
[]

235
2351
[]

235
2352
[]

235
2353
[]

236
2354
[]

236
2355
[]

236
2356
[]

236
2357
[]

236
2358
[]

236
2359
[]

236
2360
[]

236
2361
[]

237
2362
[]

237
2363
[]

237
2364
[]

237
2365
[]

237
2366
[]

255
2367
[]

255
2368
[]

256
2369
[]

256
2370
[]

256
2371
[]

256
2372
[]

256
2373
[]

260
2374
[]

260
2375
[]

260
2376
[]

260
2377
[]

260
2378
[]

260
2379
[]

260
2380
[]

260
2381
[]

279
2382
[]

279
2383
[]

279
2384
[]

279
2385
[]

279
2386
[]

281
2387
[]

281
2388
[]

281
2389
[]

281
2390
[]

281
2391
[]

281
2392
[]

281
2393
[]

281
2394
[]

281
2395
[]

282
2396
[]

282
2397
[]

282
2398
[]

282
2399
[]

283
2400
[]

284
2401
[]

284
2402
[]

284
2403
[]

284
2404
[]

284
2405
[]

285
2406
[]

285
2407
[]

285
2408
[]

285
2409
[]

285
2410
[]

286
2411
[]

286
2412
[]

286
2413
[]

286
2414
[]

286
2415
[]

286
2416
[]

286
2417
[]

286
2418
[]

287
2419
[]

287
2420
[]

287
2421
[]

287
2422
[]

288
2423
[]

288
2424
[]

288
2425
[]

288
2426
[]

288
2427
[]

288
2428
[]

288
2429
[]

288
2430
[]

289
2431
[]

289
2432
[]

289
2433
[]

289
2434
[]

289
2435
[]

290
2436
[]

290
2437
[]

290
2438
[]

290
2439
[]

290
2440
[]

290
2441
[]

291
2442
[]

291
2443
[]

291
2444
[]

291
2445
[]

291
2446
[]

291
2447
[]

291
2448
[]

291
2449
[]

291
2450
[]

291
2451
[]

295
2452
[]

295
2453
[]

295
2454
[]

295
2455
[]

295
2456
[]

295
2457
[]

295
2458
[]

295
2459
[]

296
2460
[]

296
2461
[]

296
2462
[]

296
2463
[]

296
2464
[]

296
2465
[]

296
2466
[]

296
2467
[]

296
2468
[]

300
2469
[]

300
2470
[]

300
2471
[]

300
2472
[]

300
2473
[]

300
2474
[]

301
2475
[]

301
2476
[]

301
2477
[]

301
2478
[]

301
2479
[]

303
2480
[]

303
2481
[]

303
2482
[]

303
2483
[]

308
2484
[]

308
2485
[]

308
2486
[]

308
2487
[]

308
2488
[]

308
2489
[]

309
2490
[]

309
2491
[]

309
2492
[]

309
2493
[]

309
2494
[]

309
2495
[]

309
2496
[]

310
2497
[]

310
2498
[]

310
2499
[]

310
2500
[]

310
2501
[]

311
2502
[]

311
2503
[]

311
2504
[]

311
2505
[]

313
2506
[]

313
2507
[]

313
2508
[]

313
2509
[]

313
2510
[]

316
2511
[]

316
2512
[]

316
2513
[]

316
2514
[]

316
2515
[]

316
2516
[]

316
2517
[]

316
2518
[]

316
2519
[]

316
2520
[]

318
2521
[]

318
2522
[]

318
2523
[]

318
2524
[]

318
2525
[]

318
2526
[]

320
2527
[]

320
2528
[]

320
2529
[]

320
2530
[]

320
2531
[]

320
2532
[]

321
2533
[]

321
2534
[]

321
2535
[]

321
2536
[]

321
2537
[]

322
2538
[]

322
2539
[]

322
2540
[]

322
2541
[]

322
2542
[]

322
2543
[]

324
2544
[]

324
2545
[]

324
2546
[]

324
2547
[]

324
2548
[]

324
2549
[]

325
2550
[]

325
2551
[]

325
2552
[]

325
2553
[]

326
2554
[]

326
2555
[]

327
2556
[]

327
2557
[]

327
2558
[]

327
2559
[]

327
2560
[]

327
2561
[]

327
2562
[]

328
2563
[]

328
2564
[]

328
2565
[]

328
2566
[]

328
2567
[]

328
2568
[]

328
2569
[]

329
2570
[]

330
2571
[]

330
2572
[]

330
2573
[]

330
2574
[]

330
2575
[]

403
2576
[]

405
2577
[]

409
2578
[]

409
2579
[]

410
2580
[]

410
2581
[]

411
2582
[]

411
2583
[]

411
2584
[]

412
2585
[]

412
2586
[]

413
2587
[]

413
2588
[]

480
2589
[]

480
2590
[]

480
2591
[]

480
2592
[]

480
2593
[]

480
2594
[]

480
2595
[]

480
2596
[]

489
2597
[]

489
2598
[]

489
2599
[]

489
2600
[]

489
2601
[]

489
2602
[]

489
2603
[]

489
2604
[]

489
2605
[]

489
2606
[]

490
2607
[]

490
2608
[]

490
2609
[]

490
2610
[]

490
2611
[]

490
2612
[]

491
2613
[]

491
2614
[]

491
2615
[]

491
2616
[]

491
2617
[]

491
2618
[]

494
2619
[]

494
2620
[]

494
2621
[]

494
2622
[]

494
2623
[]

494
2624
[]

494
2625
[]

494
2626
[]

495
2627
[]

495
2628
[]

495
2629
[]

495
2630
[]

495
2631
[]

495
2632
[]

495
2633
[]

495
2634
[]

495
2635
[]

496
2636
[]

496
2637
[]

496
2638
[]

496
2639
[]

496
2640
[]

496
2641
[]

496
2642
[]

496
2643
[]

569
2644
[]

569
2645
[]

570
2646
[]

570
2647
[]

570
2648
[]

570
2649
[]

571
2650
[]

571
2651
[]

571
2652
[]

571
2653
[]

571
2654
[]

571
2655
[]

571
2656
[]

572
2657
[]

572
2658
[]

572
2659
[]

572
2660
[]

572
2661
[]

572
2662
[]

572
2663
[]

572
2664
[]

573
2665
[]

573
2666
[]

573
2667
[]

573
2668
[]

573
2669
[]

573
2670
[]

573
2671
[]

573
2672
[]

574
2673
[]

574
2674
[]

574
2675
[]

574
2676
[]

574
2677
[]

574
2678
[]

574
2679
[]

575
2680
[]

575
2681
[]

575
2682
[]

575
2683
[]

576
2684
[]

576
2685
[]

576
2686
[]

576
2687
[]

577
2688
[]

577
2689
[]

577
2690
[]

578
2691
[]

578
2692
[]

578
2693
[]

579
2694
[]

579
2695
[]

580
2696
[]

580
2697
[]

580
2698
[]

580
2699
[]

580
2700
[]

580
2701
[]

580
2702
[]

580
2703
[]

580
2704
[]

580
2705
[]

581
2706
[]

581
2707
[]

581
2708
[]

581
2709
[]

581
2710
[]

581
2711
[]

581
2712
[]

581
2713
[]

581
2714
[]

582
2715
[]

582
2716
[]

582
2717
[]

587
2718
[]

590
2719
[]

590
2720
[]

590
2721
[]

590
2722
[]

590
2723
[]

590
2724
[]

590
2725
[]

590
2726
[]

590
2727
[]

590
2728
[]

591
2729
[]

591
2730
[]

591
2731
[]

591
2732
[]

591
2733
[]

592
2734
[]

592
2735
[]

592
2736
[]

592
2737
[]

592
2738
[]

593
2739
[]

593
2740
[]

593
2741
[]

593
2742
[]

593
2743
[]

593
2744
[]

594
2745
[]

594
2746
[]

594
2747
[]

594
2748
[]

594
2749
[]

594
2750
[]

595
2751
[]

595
2752
[]

595
2753
[]

595
2754
[]

595
2755
[]

595
2756
[]

595
2757
[]

595
2758
[]

597
2759
[]

597
2760
[]

597
2761
[]

597
2762
[]

597
2763
[]

597
2764
[]

598
2765
[]

598
2766
[]

598
2767
[]

598
2768
[]

601
2769
[]

601
2770
[]

601
2771
[]

601
2772
[]

601
2773
[]

602
2774
[]

602
2775
[]

602
2776
[]

602
2777
[]

602
2778
[]

603
2779
[]

604
2780
[]

604
2781
[]

604
2782
[]

604
2783
[]

604
2784
[]

604
2785
[]

605
2786
[]

605
2787
[]

605
2788
[]

605
2789
[]

605
2790
[]

605
2791
[]

605
2792
[]

606
2793
[]

606
2794
[]

606
2795
[]

606
2796
[]

606
2797
[]

607
2798
[]

607
2799
[]

608
2800
[]

608
2801
[]

608
2802
[]

608
2803
[]

608
2804
[]

608
2805
[]

608
2806
[]

608
2807
[]

608
2808
[]

608
2809
[]

609
2810
[]

609
2811
[]

609
2812
[]

609
2813
[]

609
2814
[]

609
2815
[]

609
2816
[]

611
2817
[]

611
2818
[]

611
2819
[]

611
2820
[]

611
2821
[]

611
2822
[]

611
2823
[]

611
2824
[]

611
2825
[]

612
2826
[]

612
2827
[]

612
2828
[]

612
2829
[]

612
2830
[]

612
2831
[]

612
2832
[]

613
2833
[]

613
2834
[]

613
2835
[]

613
2836
[]

613
2837
[]

613
2838
[]

615
2839
[]

615
2840
[]

615
2841
[]

615
2842
[]

615
2843
[]

616
2844
[]

616
2845
[]

616
2846
[]

616
2847
[]

616
2848
[]

617
2849
[]

617
2850
[]

617
2851
[]

617
2852
[]

617
2853
[]

618
2854
[]

618
2855
[]

618
2856
[]

618
2857
[]

618
2858
[]

618
2859
[]

618
2860
[]

619
2861
[]

619
2862
[]

619
2863
[]

619
2864
[]

619
2865
[]

620
2866
[]

620
2867
[]

620
2868
[]

620
2869
[]

620
2870
[]

620
2871
[]

620
2872
[]

620
2873
[]

620
2874
[]

620
2875
[]

621
2876
[]

621
2877
[]

622
2878
[]

622
2879
[]

622
2880
[]

622
2881
[]

622
2882
[]

623
2883
[]

623
2884
[]

623
2885
[]

623
2886
[]

623
2887
[]

623
2888
[]

623
2889
[]

624
2890
[]

624
2891
[]

624
2892
[]

624
2893
[]

624
2894
[]

624
2895
[]

625
2896
[]

625
2897
[]

625
2898
[]

626
2899
[]

626
2900
[]

626
2901
[]

626
2902
[]

626
2903
[]

626
2904
[]

626
2905
[]

626
2906
[]

626
2907
[]

626
2908
[]

627
2909
[]

627
2910
[]

627
2911
[]

627
2912
[]

627
2913
[]

627
2914
[]

628
2915
[]

628
2916
[]

628
2917
[]

628
2918
[]

628
2919
[]

628
2920
[]

629
2921
[]

629
2922
[]

629
2923
[]

630
2924
[]

631
2925
[]

631
2926
[]

631
2927
[]

631
2928
[]

631
2929
[]

632
2930
[]

633
2931
[]

633
2932
[]

633
2933
[]

634
2934
[]

634
2935
[]

634
2936
[]

634
2937
[]

634
2938
[]

634
2939
[]

635
2940
[]

635
2941
[]

635
2942
[]

635
2943
[]

635
2944
[]

635
2945
[]

635
2946
[]

636
2947
[]

636
2948
[]

636
2949
[]

637
2950
[]

637
2951
[]

637
2952
[]

637
2953
[]

637
2954
[]

637
2955
[]

637
2956
[]

638
2957
[]

638
2958
[]

639
2959
[]

639
2960
[]

639
2961
[]

639
2962
[]

639
2963
[]

639
2964
[]

639
2965
[]

640
2966
[]

641
2967
[]

641
2968
[]

641
2969
[]

641
2970
[]

641
2971
[]

642
2972
[]

642
2973
[]

642
2974
[]

642
2975
[]

642
2976
[]

643
2977
[]

643
2978
[]

643
2979
[]

643
2980
[]

644
2981
[]

644
2982
[]

645
2983
[]

645
2984
[]

646
2985
[]

646
2986
[]

646
2987
[]

646
2988
[]

646
2989
[]

646
2990
[]

646
2991
[]

646
2992
[]

647
2993
[]

647
2994
[]

647
2995
[]

647
2996
[]

647
2997
[]

647
2998
[]

648
2999
[]

648
3000
[]

648
3001
[]

648
3002
[]

648
3003
[]

650
3004
[]

650
3005
[]

650
3006
[]

650
3007
[]

650
3008
[]

651
3009
[]

651
3010
[]

651
3011
[]

651
3012
[]

652
3013
[]

652
3014
[]

652
3015
[]

652
3016
[]

653
3017
[]

653
3018
[]

653
3019
[]

653
3020
[]

653
3021
[]

653
3022
[]

653
3023
[]

655
3024
[]

655
3025
[]

659
3026
[]

659
3027
[]

659
3028
[]

661
3029
[]

661
3030
[]

661
3031
[]

661
3032
[]

661
3033
[]

661
3034
[]

662
3035
[]

662
3036
[]

662
3037
[]

662
3038
[]

662
3039
[]

662
3040
[]

663
3041
[]

663
3042
[]

663
3043
[]

663
3044
[]

663
3045
[]

663
3046
[]

663
3047
[]

663
3048
[]

664
3049
[]

664
3050
[]

664
3051
[]

664
3052
[]

664
3053
[]

665
3054
[]

665
3055
[]

665
3056
[]

665
3057
[]

666
3058
[]

666
3059
[]

666
3060
[]

666
3061
[]

666
3062
[]

666
3063
[]

667
3064
[]

667
3065
[]

667
3066
[]

667
3067
[]

667
3068
[]

668
3069
[]

668
3070
[]

670
3071
[]

670
3072
[]

670
3073
[]

670
3074
[]

670
3075
[]

671
3076
[]

671
3077
[]

671
3078
[]

671
3079
[]

671
3080
[]

671
3081
[]

672
3082
[]

672
3083
[]

673
3084
[]

673
3085
[]

673
3086
[]

673
3087
[]

673
3088
[]

673
3089
[]

673
3090
[]

673
3091
[]

674
3092
[]

674
3093
[]

674
3094
[]

675
3095
[]

675
3096
[]

675
3097
[]

675
3098
[]

675
3099
[]

675
3100
[]

675
3101
[]

675
3102
[]

676
3103
[]

676
3104
[]

676
3105
[]

677
3106
[]

677
3107
[]

677
3108
[]

677
3109
[]

677
3110
[]

677
3111
[]

677
3112
[]

678
3113
[]

678
3114
[]

679
3115
[]

679
3116
[]

679
3117
[]

680
3118
[]

680
3119
[]

680
3120
[]

681
3121
[]

681
3122
[]

681
3123
[]

681
3124
[]

681
3125
[]

681
3126
[]

684
3127
[]

684
3128
[]

684
3129
[]

684
3130
[]

684
3131
[]

684
3132
[]

684
3133
[]

684
3134
[]

685
3135
[]

685
3136
[]

685
3137
[]

686
3138
[]

686
3139
[]

686
3140
[]

686
3141
[]

686
3142
[]

686
3143
[]

686
3144
[]

687
3145
[]

687
3146
[]

687
3147
[]

688
3148
[]

688
3149
[]

688
3150
[]

688
3151
[]

689
3152
[]

689
3153
[]

689
3154
[]

690
3155
[]

690
3156
[]

690
3157
[]

691
3158
[]

691
3159
[]

691
3160
[]

691
3161
[]

691
3162
[]

692
3163
[]

692
3164
[]

692
3165
[]

692
3166
[]

692
3167
[]

694
3168
[]

694
3169
[]

694
3170
[]

694
3171
[]

694
3172
[]

695
3173
[]

696
3174
[]

696
3175
[]

696
3176
[]

696
3177
[]

698
3178
[]

698
3179
[]

699
3180
[]

699
3181
[]

701
3182
[]

701
3183
[]

702
3184
[]

706
3185
[]

707
3186
[]

707
3187
[]

714
3188
[]

714
3189
[]

717
3190
[]

739
3191
[]

740
3192
[]

740
3193
[]

740
3194
[]

740
3195
[]

740
3196
[]

740
3197
[]

740
3198
[]

740
3199
[]

740
3200
[]

741
3201
[]

741
3202
[]

741
3203
[]

741
3204
[]

741
3205
[]

742
3206
[]

742
3207
[]

743
3208
[]

743
3209
[]

743
3210
[]

743
3211
[]

743
3212
[]

743
3213
[]

743
3214
[]

743
3215
[]

744
3216
[]

744
3217
[]

744
3218
[]

744
3219
[]

744
3220
[]

744
3221
[]

744
3222
[]

744
3223
[]

745
3224
[]

745
3225
[]

746
3226
[]

746
3227
[]

746
3228
[]

746
3229
[]

747
3230
[]

747
3231
[]

747
3232
[]

747
3233
[]

747
3234
[]

747
3235
[]

748
3236
[]

748
3237
[]

748
3238
[]

748
3239
[]

749
3240
[]

749
3241
[]

749
3242
[]

749
3243
[]

749
3244
[]

749
3245
[]

749
3246
[]

749
3247
[]

750
3248
[]

750
3249
[]

751
3250
[]

751
3251
[]

751
3252
[]

751
3253
[]

751
3254
[]

753
3255
[]

753
3256
[]

753
3257
[]

757
3258
[]

757
3259
[]

757
3260
[]

758
3261
[]

758
3262
[]

758
3263
[]

758
3264
[]

758
3265
[]

759
3266
[]

759
3267
[]

759
3268
[]

760
3269
[]

760
3270
[]

760
3271
[]

760
3272
[]

760
3273
[]

761
3274
[]

761
3275
[]

761
3276
[]

761
3277
[]

762
3278
[]

763
3279
[]

763
3280
[]

763
3281
[]

763
3282
[]

764
3283
[]

764
3284
[]

764
3285
[]

765
3286
[]

766
3287
[]

766
3288
[]

766
3289
[]

768
3290
[]

768
3291
[]

768
3292
[]

768
3293
[]

768
3294
[]

768
3295
[]

769
3296
[]

769
3297
[]

769
3298
[]

769
3299
[]

771
3300
[]

771
3301
[]

771
3302
[]

771
3303
[]

772
3304
[]

772
3305
[]

772
3306
[]

773
3307
[]

773
3308
[]

773
3309
[]

773
3310
[]

773
3311
[]

773
3312
[]

773
3313
[]

773
3314
[]

774
3315
[]

774
3316
[]

774
3317
[]

774
3318
[]

774
3319
[]

775
3320
[]

775
3321
[]

775
3322
[]

775
3323
[]

777
3324
[]

777
3325
[]

777
3326
[]

778
3327
[]

778
3328
[]

778
3329
[]

778
3330
[]

779
3331
[]

780
3332
[]

780
3333
[]

780
3334
[]

780
3335
[]

781
3336
[]

781
3337
[]

781
3338
[]

781
3339
[]

781
3340
[]

781
3341
[]

781
3342
[]

781
3343
[]

782
3344
[]

782
3345
[]

782
3346
[]

782
3347
[]

782
3348
[]

783
3349
[]

783
3350
[]

783
3351
[]

783
3352
[]

783
3353
[]

784
3354
[]

785
3355
[]

785
3356
[]

785
3357
[]

785
3358
[]

785
3359
[]

785
3360
[]

785
3361
[]

785
3362
[]

785
3363
[]

785
3364
[]

788
3365
[]

788
3366
[]

788
3367
[]

788
3368
[]

788
3369
[]

788
3370
[]

788
3371
[]

789
3372
[]

789
3373
[]

789
3374
[]

789
3375
[]

789
3376
[]

789
3377
[]

790
3378
[]

790
3379
[]

790
3380
[]

790
3381
[]

790
3382
[]

791
3383
[]

791
3384
[]

791
3385
[]

791
3386
[]

792
3387
[]

792
3388
[]

792
3389
[]

792
3390
[]

792
3391
[]

792
3392
[]

792
3393
[]

792
3394
[]

792
3395
[]

792
3396
[]

793
3397
[]

793
3398
[]

793
3399
[]

793
3400
[]

793
3401
[]

793
3402
[]

793
3403
[]

794
3404
[]

795
3405
[]

795
3406
[]

796
3407
[]

797
3408
[]

797
3409
[]

797
3410
[]

798
3411
[]

798
3412
[]

798
3413
[]

798
3414
[]

798
3415
[]

798
3416
[]

798
3417
[]

799
3418
[]

799
3419
[]

799
3420
[]

799
3421
[]

799
3422
[]

799
3423
[]

799
3424
[]

800
3425
[]

800
3426
[]

800
3427
[]

800
3428
[]

800
3429
[]

801
3430
[]

801
3431
[]

801
3432
[]

801
3433
[]

802
3434
[]

802
3435
[]

802
3436
[]

802
3437
[]

802
3438
[]

803
3439
[]

803
3440
[]

803
3441
[]

803
3442
[]

803
3443
[]

804
3444
[]

804
3445
[]

804
3446
[]

804
3447
[]

804
3448
[]

805
3449
[]

806
3450
[]

806
3451
[]

806
3452
[]

806
3453
[]

806
3454
[]

806
3455
[]

806
3456
[]

807
3457
[]

807
3458
[]

807
3459
[]

808
3460
[]

808
3461
[]

808
3462
[]

808
3463
[]

808
3464
[]

809
3465
[]

809
3466
[]

809
3467
[]

809
3468
[]

809
3469
[]

809
3470
[]

810
3471
[]

810
3472
[]

810
3473
[]

810
3474
[]

810
3475
[]

811
3476
[]

811
3477
[]

811
3478
[]

811
3479
[]

812
3480
[]

812
3481
[]

812
3482
[]

813
3483
[]

813
3484
[]

813
3485
[]

813
3486
[]

813
3487
[]

814
3488
[]

814
3489
[]

814
3490
[]

814
3491
[]

814
3492
[]

814
3493
[]

815
3494
[]

815
3495
[]

815
3496
[]

815
3497
[]

815
3498
[]

816
3499
[]

816
3500
[]

816
3501
[]

817
3502
[]

817
3503
[]

817
3504
[]

818
3505
[]

818
3506
[]

818
3507
[]

818
3508
[]

819
3509
[]

820
3510
[]

820
3511
[]

820
3512
[]

820
3513
[]

820
3514
[]

820
3515
[]

821
3516
[]

821
3517
[]

821
3518
[]

821
3519
[]

822
3520
[]

822
3521
[]

822
3522
[]

822
3523
[]

822
3524
[]

822
3525
[]

823
3526
[]

823
3527
[]

823
3528
[]

824
3529
[]

824
3530
[]

824
3531
[]

824
3532
[]

824
3533
[]

824
3534
[]

824
3535
[]

825
3536
[]

825
3537
[]

825
3538
[]

825
3539
[]

825
3540
[]

826
3541
[]

826
3542
[]

827
3543
[]

827
3544
[]

827
3545
[]

827
3546
[]

827
3547
[]

827
3548
[]

828
3549
[]

829
3550
[]

829
3551
[]

829
3552
[]

829
3553
[]

830
3554
[]

830
3555
[]

830
3556
[]

830
3557
[]

830
3558
[]

830
3559
[]

830
3560
[]

831
3561
[]

831
3562
[]

832
3563
[]

832
3564
[]

832
3565
[]

832
3566
[]

832
3567
[]

833
3568
[]

834
3569
[]

834
3570
[]

836
3571
[]

836
3572
[]

836
3573
[]

836
3574
[]

836
3575
[]

837
3576
[]

837
3577
[]

838
3578
[]

838
3579
[]

838
3580
[]

838
3581
[]

838
3582
[]

838
3583
[]

838
3584
[]

838
3585
[]

838
3586
[]

839
3587
[]

839
3588
[]

839
3589
[]

839
3590
[]

839
3591
[]

841
3592
[]

842
3593
[]

842
3594
[]

842
3595
[]

842
3596
[]

842
3597
[]

842
3598
[]

843
3599
[]

844
3600
[]

844
3601
[]

844
3602
[]

845
3603
[]

845
3604
[]

845
3605
[]

845
3606
[]

845
3607
[]

845
3608
[]

846
3609
[]

846
3610
[]

846
3611
[]

846
3612
[]

846
3613
[]

846
3614
[]

846
3615
[]

847
3616
[]

847
3617
[]

847
3618
[]

847
3619
[]

847
3620
[]

847
3621
[]

847
3622
[]

847
3623
[]

847
3624
[]

848
3625
[]

848
3626
[]

848
3627
[]

848
3628
[]

848
3629
[]

849
3630
[]

849
3631
[]

851
3632
[]

851
3633
[]

851
3634
[]

851
3635
[]

851
3636
[]

852
3637
[]

852
3638
[]

852
3639
[]

852
3640
[]

852
3641
[]

852
3642
[]

852
3643
[]

852
3644
[]

853
3645
[]

853
3646
[]

853
3647
[]

853
3648
[]

853
3649
[]

853
3650
[]

853
3651
[]

853
3652
[]

853
3653
[]

855
3654
[]

855
3655
[]

856
3656
[]

856
3657
[]

856
3658
[]

856
3659
[]

856
3660
[]

856
3661
[]

856
3662
[]

856
3663
[]

857
3664
[]

857
3665
[]

857
3666
[]

857
3667
[]

858
3668
[]

858
3669
[]

858
3670
[]

858
3671
[]

858
3672
[]

858
3673
[]

859
3674
[]

859
3675
[]

859
3676
[]

859
3677
[]

859
3678
[]

859
3679
[]

859
3680
[]

860
3681
[]

860
3682
[]

860
3683
[]

860
3684
[]

860
3685
[]

860
3686
[]

860
3687
[]

860
3688
[]

861
3689
[]

861
3690
[]

861
3691
[]

861
3692
[]

861
3693
[]

861
3694
[]

861
3695
[]

861
3696
[]

861
3697
[]

861
3698
[]

862
3699
[]

862
3700
[]

862
3701
[]

862
3702
[]

862
3703
[]

862
3704
[]

862
3705
[]

862
3706
[]

862
3707
[]

863
3708
[]

864
3709
[]

864
3710
[]

864
3711
[]

864
3712
[]

864
3713
[]

865
3714
[]

865
3715
[]

865
3716
[]

865
3717
[]

865
3718
[]

865
3719
[]

865
3720
[]

866
3721
[]

867
3722
[]

867
3723
[]

867
3724
[]

867
3725
[]

867
3726
[]

870
3727
[]

870
3728
[]

870
3729
[]

870
3730
[]

870
3731
[]

870
3732
[]

870
3733
[]

870
3734
[]

870
3735
[]

871
3736
[]

871
3737
[]

871
3738
[]

871
3739
[]

872
3740
[]

872
3741
[]

873
3742
[]

873
3743
[]

873
3744
[]

873
3745
[]

873
3746
[]

873
3747
[]

873
3748
[]

873
3749
[]

874
3750
[]

874
3751
[]

874
3752
[]

874
3753
[]

874
3754
[]

874
3755
[]

874
3756
[]

875
3757
[]

875
3758
[]

875
3759
[]

876
3760
[]

876
3761
[]

876
3762
[]

877
3763
[]

877
3764
[]

877
3765
[]

877
3766
[]

878
3767
[]

878
3768
[]

878
3769
[]

878
3770
[]

878
3771
[]

879
3772
[]

879
3773
[]

879
3774
[]

879
3775
[]

880
3776
[]

880
3777
[]

880
3778
[]

880
3779
[]

880
3780
[]

880
3781
[]

881
3782
[]

881
3783
[]

881
3784
[]

881
3785
[]

881
3786
[]

881
3787
[]

881
3788
[]

882
3789
[]

882
3790
[]

882
3791
[]

884
3792
[]

884
3793
[]

884
3794
[]

884
3795
[]

885
3796
[]

885
3797
[]

885
3798
[]

885
3799
[]

885
3800
[]

886
3801
[]

886
3802
[]

886
3803
[]

886
3804
[]

886
3805
[]

886
3806
[]

886
3807
[]

886
3808
[]

887
3809
[]

887
3810
[]

888
3811
[]

888
3812
[]

888
3813
[]

888
3814
[]

888
3815
[]

888
3816
[]

888
3817
[]

888
3818
[]

889
3819
[]

889
3820
[]

889
3821
[]

889
3822
[]

889
3823
[]

890
3824
[]

890
3825
[]

890
3826
[]

890
3827
[]

891
3828
[]

891
3829
[]

891
3830
[]

891
3831
[]

892
3832
[]

892
3833
[]

892
3834
[]

892
3835
[]

892
3836
[]

892
3837
[]

893
3838
[]

893
3839
[]

893
3840
[]

893
3841
[]

893
3842
[]

893
3843
[]

893
3844
[]

893
3845
[]

893
3846
[]

894
3847
[]

894
3848
[]

895
3849
[]

895
3850
[]

895
3851
[]

896
3852
[]

896
3853
[]

896
3854
[]

896
3855
[]

896
3856
[]

896
3857
[]

896
3858
[]

896
3859
[]

898
3860
[]

899
3861
[]

899
3862
[]

899
3863
[]

899
3864
[]

899
3865
[]

899
3866
[]

900
3867
[]

900
3868
[]

900
3869
[]

900
3870
[]

900
3871
[]

900
3872
[]

900
3873
[]

900
3874
[]

901
3875
[]

901
3876
[]

901
3877
[]

902
3878
[]

902
3879
[]

902
3880
[]

903
3881
[]

903
3882
[]

903
3883
[]

903
3884
[]

903
3885
[]

903
3886
[]

903
3887
[]

904
3888
[]

904
3889
[]

904
3890
[]

904
3891
[]

904
3892
[]

904
3893
[]

904
3894
[]

905
3895
[]

905
3896
[]

905
3897
[]

905
3898
[]

906
3899
[]

906
3900
[]

906
3901
[]

907
3902
[]

907
3903
[]

907
3904
[]

907
3905
[]

907
3906
[]

907
3907
[]

907
3908
[]

907
3909
[]

907
3910
[]

908
3911
[]

908
3912
[]

908
3913
[]

909
3914
[]

909
3915
[]

909
3916
[]

909
3917
[]

909
3918
[]

909
3919
[]

909
3920
[]

909
3921
[]

909
3922
[]

909
3923
[]

913
3924
[]

913
3925
[]

913
3926
[]

913
3927
[]

914
3928
[]

914
3929
[]

914
3930
[]

914
3931
[]

914
3932
[]

914
3933
[]

915
3934
[]

915
3935
[]

915
3936
[]

915
3937
[]

916
3938
[]

916
3939
[]

916
3940
[]

916
3941
[]

916
3942
[]

916
3943
[]

917
3944
[]

917
3945
[]

917
3946
[]

918
3947
[]

918
3948
[]

918
3949
[]

918
3950
[]

918
3951
[]

918
3952
[]

918
3953
[]

918
3954
[]

918
3955
[]

918
3956
[]

919
3957
[]

919
3958
[]

919
3959
[]

919
3960
[]

919
3961
[]

919
3962
[]

919
3963
[]

920
3964
[]

920
3965
[]

920
3966
[]

920
3967
[]

920
3968
[]

921
3969
[]

921
3970
[]

921
3971
[]

921
3972
[]

921
3973
[]

921
3974
[]

922
3975
[]

922
3976
[]

923
3977
[]

923
3978
[]

924
3979
[]

924
3980
[]

924
3981
[]

924
3982
[]

924
3983
[]

925
3984
[]

925
3985
[]

925
3986
[]

925
3987
[]

925
3988
[]

925
3989
[]

925
3990
[]

925
3991
[]

926
3992
[]

926
3993
[]

926
3994
[]

926
3995
[]

926
3996
[]

927
3997
[]

927
3998
[]

927
3999
[]

928
4000
[]

928
4001
[]

928
4002
[]

929
4003
[]

929
4004
[]

929
4005
[]

929
4006
[]

929
4007
[]

929
4008
[]

929
4009
[]

929
4010
[]

929
4011
[]

930
4012
[]

930
4013
[]

930
4014
[]

930
4015
[]

931
4016
[]

931
4017
[]

932
4018
[]

932
4019
[]

932
4020
[]

932
4021
[]

932
4022
[]

932
4023
[]

932
4024
[]

933
4025
[]

933
4026
[]

933
4027
[]

933
4028
[]

933
4029
[]

933
4030
[]

933
4031
[]

933
4032
[]

933
4033
[]

933
4034
[]

934
4035
[]

934
4036
[]

934
4037
[]

934
4038
[]

934
4039
[]

934
4040
[]

934
4041
[]

934
4042
[]

935
4043
[]

935
4044
[]

935
4045
[]

935
4046
[]

935
4047
[]

935
4048
[]

937
4049
[]

937
4050
[]

937
4051
[]

938
4052
[]

938
4053
[]

938
4054
[]

938
4055
[]

938
4056
[]

938
4057
[]

938
4058
[]

938
4059
[]

938
4060
[]

939
4061
[]

939
4062
[]

939
4063
[]

939
4064
[]

939
4065
[]

941
4066
[]

941
4067
[]

941
4068
[]

941
4069
[]

943
4070
[]

943
4071
[]

943
4072
[]

943
4073
[]

943
4074
[]

943
4075
[]

943
4076
[]

943
4077
[]

943
4078
[]

945
4079
[]

945
4080
[]

945
4081
[]

945
4082
[]

946
4083
[]

946
4084
[]

946
4085
[]

946
4086
[]

946
4087
[]

947
4088
[]

947
4089
[]

947
4090
[]

947
4091
[]

947
4092
[]

947
4093
[]

947
4094
[]

947
4095
[]

948
4096
[]

948
4097
[]

948
4098
[]

948
4099
[]

948
4100
[]

949
4101
[]

949
4102
[]

949
4103
[]

951
4104
[]

951
4105
[]

951
4106
[]

951
4107
[]

951
4108
[]

951
4109
[]

952
4110
[]

953
4111
[]

953
4112
[]

953
4113
[]

954
4114
[]

954
4115
[]

954
4116
[]

954
4117
[]

955
4118
[]

955
4119
[]

955
4120
[]

955
4121
[]

955
4122
[]

955
4123
[]

956
4124
[]

956
4125
[]

956
4126
[]

957
4127
[]

957
4128
[]

957
4129
[]

957
4130
[]

957
4131
[]

957
4132
[]

957
4133
[]

961
4134
[]

961
4135
[]

961
4136
[]

961
4137
[]

961
4138
[]

961
4139
[]

965
4140
[]

965
4141
[]

965
4142
[]

965
4143
[]

965
4144
[]

965
4145
[]

965
4146
[]

965
4147
[]

965
4148
[]

969
4149
[]

969
4150
[]

969
4151
[]

969
4152
[]

969
4153
[]

975
4154
[]

975
4155
[]

975
4156
[]

976
4157
[]

976
4158
[]

976
4159
[]

976
4160
[]

976
4161
[]

977
4162
[]

977
4163
[]

977
4164
[]

977
4165
[]

978
4166
[]

979
4167
[]

979
4168
[]

979
4169
[]

979
4170
[]

979
4171
[]

979
4172
[]

980
4173
[]

980
4174
[]

980
4175
[]

980
4176
[]

981
4177
[]

982
4178
[]

982
4179
[]

982
4180
[]

982
4181
[]

982
4182
[]

982
4183
[]

983
4184
[]

983
4185
[]

983
4186
[]

983
4187
[]

984
4188
[]

984
4189
[]

984
4190
[]

985
4191
[]

985
4192
[]

985
4193
[]

985
4194
[]

986
4195
[]

986
4196
[]

988
4197
[]

988
4198
[]

988
4199
[]

988
4200
[]

988
4201
[]

988
4202
[]

989
4203
[]

989
4204
[]

989
4205
[]

989
4206
[]

989
4207
[]

989
4208
[]

990
4209
[]

990
4210
[]

990
4211
[]

990
4212
[]

990
4213
[]

990
4214
[]

990
4215
[]

990
4216
[]

991
4217
[]

992
4218
[]

992
4219
[]

992
4220
[]

992
4221
[]

993
4222
[]

993
4223
[]

993
4224
[]

993
4225
[]

993
4226
[]

993
4227
[]

993
4228
[]

993
4229
[]

994
4230
[]

994
4231
[]

994
4232
[]

994
4233
[]

994
4234
[]

994
4235
[]

994
4236
[]

994
4237
[]

994
4238
[]

994
4239
[]

996
4240
[]

996
4241
[]

996
4242
[]

997
4243
[]

997
4244
[]

997
4245
[]

998
4246
[]

998
4247
[]

998
4248
[]

998
4249
[]

998
4250
[]

998
4251
[]

998
4252
[]

999
4253
[]

999
4254
[]

1000
4255
[]

1000
4256
[]

1000
4257
[]

1000
4258
[]

1000
4259
[]

1001
4260
[]

1001
4261
[]

1001
4262
[]

1002
4263
[]

1002
4264
[]

1002
4265
[]

1002
4266
[]

1003
4267
[]

1003
4268
[]

1003
4269
[]

1003
4270
[]

1005
4271
[]

1005
4272
[]

1006
4273
[]

1006
4274
[]

1006
4275
[]

1007
4276
[]

1007
4277
[]

1007
4278
[]

1007
4279
[]

1007
4280
[]

1007
4281
[]

1009
4282
[]

1009
4283
[]

1009
4284
[]

1009
4285
[]

1009
4286
[]

1010
4287
[]

1010
4288
[]

1010
4289
[]

1010
4290
[]

1010
4291
[]

1010
4292
[]

1011
4293
[]

1011
4294
[]

1011
4295
[]

1011
4296
[]

1011
4297
[]

1011
4298
[]

1011
4299
[]

1011
4300
[]

1011
4301
[]

1011
4302
[]

1012
4303
[]

1012
4304
[]

1012
4305
[]

1012
4306
[]

1013
4307
[]

1013
4308
[]

1014
4309
[]

1014
4310
[]

1014
4311
[]

1014
4312
[]

1015
4313
[]

1015
4314
[]

1015
4315
[]

1015
4316
[]

1015
4317
[]

1016
4318
[]

1017
4319
[]

1017
4320
[]

1017
4321
[]

1017
4322
[]

1017
4323
[]

1018
4324
[]

1018
4325
[]

1019
4326
[]

1019
4327
[]

1021
4328
[]

1021
4329
[]

1021
4330
[]

1022
4331
[]

1022
4332
[]

1022
4333
[]

1022
4334
[]

1022
4335
[]

1022
4336
[]

1023
4337
[]

1026
4338
[]

1026
4339
[]

1026
4340
[]

1026
4341
[]

1026
4342
[]

1026
4343
[]

1026
4344
[]

1027
4345
[]

1028
4346
[]

1029
4347
[]

1029
4348
[]

1029
4349
[]

1029
4350
[]

1029
4351
[]

1029
4352
[]

1030
4353
[]

1030
4354
[]

1030
4355
[]

1030
4356
[]

1030
4357
[]

1030
4358
[]

1030
4359
[]

1031
4360
[]

1031
4361
[]

1031
4362
[]

1031
4363
[]

1031
4364
[]

1032
4365
[]

1033
4366
[]

1033
4367
[]

1035
4368
[]

1035
4369
[]

1035
4370
[]

1035
4371
[]

1035
4372
[]

1035
4373
[]

1035
4374
[]

1035
4375
[]

1035
4376
[]

1036
4377
[]

1036
4378
[]

1036
4379
[]

1036
4380
[]

1037
4381
[]

1037
4382
[]

1038
4383
[]

1038
4384
[]

1038
4385
[]

1038
4386
[]

1038
4387
[]

1038
4388
[]

1039
4389
[]

1039
4390
[]

1039
4391
[]

1039
4392
[]

1039
4393
[]

1041
4394
[]

1042
4395
[]

1042
4396
[]

1042
4397
[]

1042
4398
[]

1042
4399
[]

1042
4400
[]

1042
4401
[]

1043
4402
[]

1043
4403
[]

1043
4404
[]

1043
4405
[]

1043
4406
[]

1044
4407
[]

1044
4408
[]

1045
4409
[]

1045
4410
[]

1046
4411
[]

1047
4412
[]

1047
4413
[]

1048
4414
[]

1048
4415
[]

1048
4416
[]

1049
4417
[]

1049
4418
[]

1050
4419
[]

1050
4420
[]

1052
4421
[]

1052
4422
[]

1052
4423
[]

1052
4424
[]

1053
4425
[]

1055
4426
[]

1055
4427
[]

1055
4428
[]

1055
4429
[]

1055
4430
[]

1056
4431
[]

1056
4432
[]

1056
4433
[]

1056
4434
[]

1056
4435
[]

1057
4436
[]

1059
4437
[]

1060
4438
[]

1060
4439
[]

1060
4440
[]

1060
4441
[]

1061
4442
[]

1061
4443
[]

1061
4444
[]

1061
4445
[]

1061
4446
[]

1061
4447
[]

1061
4448
[]

1061
4449
[]

1062
4450
[]

1062
4451
[]

1062
4452
[]

1062
4453
[]

1062
4454
[]

1062
4455
[]

1063
4456
[]

1064
4457
[]

1064
4458
[]

1066
4459
[]

1067
4460
[]

1067
4461
[]

1067
4462
[]

1069
4463
[]

1069
4464
[]

1070
4465
[]

1070
4466
[]

1070
4467
[]

1070
4468
[]

1072
4469
[]

1072
4470
[]

1072
4471
[]

1072
4472
[]

1072
4473
[]

1072
4474
[]

1074
4475
[]

1074
4476
[]

1074
4477
[]

1074
4478
[]

1074
4479
[]

1074
4480
[]

1074
4481
[]

1074
4482
[]

1075
4483
[]

1075
4484
[]

1075
4485
[]

1076
4486
[]

1076
4487
[]

1076
4488
[]

1077
4489
[]

1077
4490
[]

1077
4491
[]

1078
4492
[]

1078
4493
[]

1078
4494
[]

1078
4495
[]

1079
4496
[]

1079
4497
[]

1079
4498
[]

1080
4499
[]

1081
4500
[]

1081
4501
[]

1083
4502
[]

1083
4503
[]

1083
4504
[]

1083
4505
[]

1083
4506
[]

1083
4507
[]

1083
4508
[]

1084
4509
[]

1084
4510
[]

1084
4511
[]

1084
4512
[]

1085
4513
[]

1085
4514
[]

1085
4515
[]

1085
4516
[]

1085
4517
[]

1085
4518
[]

1085
4519
[]

1085
4520
[]

1086
4521
[]

1086
4522
[]

1087
4523
[]

1089
4524
[]

1089
4525
[]

1089
4526
[]

1089
4527
[]

1089
4528
[]

1090
4529
[]

1090
4530
[]

1090
4531
[]

1091
4532
[]

1091
4533
[]

1091
4534
[]

1091
4535
[]

1091
4536
[]

1091
4537
[]

1093
4538
[]

1093
4539
[]

1093
4540
[]

1094
4541
[]

1094
4542
[]

1094
4543
[]

1094
4544
[]

1094
4545
[]

1094
4546
[]

1095
4547
[]

1096
4548
[]

1098
4549
[]

1099
4550
[]

1101
4551
[]

1101
4552
[]

1101
4553
[]

1101
4554
[]

1101
4555
[]

1101
4556
[]

1101
4557
[]

1102
4558
[]

1102
4559
[]

1103
4560
[]

1103
4561
[]

1103
4562
[]

1103
4563
[]

1103
4564
[]

1104
4565
[]

1104
4566
[]

1104
4567
[]

1104
4568
[]

1104
4569
[]

1104
4570
[]

1104
4571
[]

1104
4572
[]

1104
4573
[]

1104
4574
[]

1105
4575
[]

1105
4576
[]

1106
4577
[]

1106
4578
[]

1108
4579
[]

1108
4580
[]

1108
4581
[]

1109
4582
[]

1110
4583
[]

1110
4584
[]

1110
4585
[]

1110
4586
[]

1111
4587
[]

1111
4588
[]

1114
4589
[]

1115
4590
[]

1115
4591
[]

1115
4592
[]

1115
4593
[]

1115
4594
[]

1116
4595
[]

1116
4596
[]

1116
4597
[]

1116
4598
[]

1116
4599
[]

1116
4600
[]

1116
4601
[]

1116
4602
[]

1117
4603
[]

1117
4604
[]

1117
4605
[]

1118
4606
[]

1118
4607
[]

1118
4608
[]

1118
4609
[]

1118
4610
[]

1119
4611
[]

1119
4612
[]

1119
4613
[]

1119
4614
[]

1119
4615
[]

1119
4616
[]

1119
4617
[]

1119
4618
[]

1119
4619
[]

1120
4620
[]

1120
4621
[]

1120
4622
[]

1120
4623
[]

1120
4624
[]

1120
4625
[]

1120
4626
[]

1121
4627
[]

1124
4628
[]

1124
4629
[]

1124
4630
[]

1124
4631
[]

1125
4632
[]

1125
4633
[]

1126
4634
[]

1126
4635
[]

1126
4636
[]

1126
4637
[]

1126
4638
[]

1127
4639
[]

1127
4640
[]

1128
4641
[]

1128
4642
[]

1128
4643
[]

1128
4644
[]

1128
4645
[]

1128
4646
[]

1128
4647
[]

1129
4648
[]

1130
4649
[]

1130
4650
[]

1130
4651
[]

1131
4652
[]

1131
4653
[]

1131
4654
[]

1131
4655
[]

1131
4656
[]

1132
4657
[]

1132
4658
[]

1133
4659
[]

1133
4660
[]

1133
4661
[]

1133
4662
[]

1133
4663
[]

1133
4664
[]

1133
4665
[]

1134
4666
[]

1135
4667
[]

1137
4668
[]

1138
4669
[]

1138
4670
[]

1138
4671
[]

1138
4672
[]

1138
4673
[]

1138
4674
[]

1138
4675
[]

1138
4676
[]

1138
4677
[]

1140
4678
[]

1140
4679
[]

1141
4680
[]

1142
4681
[]

1142
4682
[]

1142
4683
[]

1142
4684
[]

1143
4685
[]

1143
4686
[]

1145
4687
[]

1146
4688
[]

1146
4689
[]

1146
4690
[]

1146
4691
[]

1146
4692
[]

1146
4693
[]

1147
4694
[]

1147
4695
[]

1147
4696
[]

1147
4697
[]

1147
4698
[]

1147
4699
[]

1148
4700
[]

1148
4701
[]

1148
4702
[]

1150
4703
[]

1150
4704
[]

1150
4705
[]

1153
4706
[]

1153
4707
[]

1153
4708
[]

1153
4709
[]

1153
4710
[]

1153
4711
[]

1153
4712
[]

1153
4713
[]

1153
4714
[]

1154
4715
[]

1154
4716
[]

1154
4717
[]

1155
4718
[]

1156
4719
[]

1157
4720
[]

1157
4721
[]

1157
4722
[]

1157
4723
[]

1157
4724
[]

1157
4725
[]

1157
4726
[]

1159
4727
[]

1159
4728
[]

1159
4729
[]

1159
4730
[]

1162
4731
[]

1162
4732
[]

1163
4733
[]

1163
4734
[]

1163
4735
[]

1163
4736
[]

1163
4737
[]

1163
4738
[]

1163
4739
[]

1165
4740
[]

1165
4741
[]

1166
4742
[]

1166
4743
[]

1166
4744
[]

1166
4745
[]

1166
4746
[]

1166
4747
[]

1166
4748
[]

1167
4749
[]

1167
4750
[]

1168
4751
[]

1168
4752
[]

1168
4753
[]

1168
4754
[]

1168
4755
[]

1168
4756
[]

1169
4757
[]

1169
4758
[]

1169
4759
[]

1170
4760
[]

1171
4761
[]

1171
4762
[]

1171
4763
[]

1171
4764
[]

1171
4765
[]

1171
4766
[]

1176
4767
[]

1176
4768
[]

1176
4769
[]

1176
4770
[]

1176
4771
[]

1176
4772
[]

1176
4773
[]

1176
4774
[]

1177
4775
[]

1178
4776
[]

1178
4777
[]

1178
4778
[]

1179
4779
[]

1179
4780
[]

1179
4781
[]

1179
4782
[]

1179
4783
[]

1182
4784
[]

1183
4785
[]

1183
4786
[]

1184
4787
[]

1184
4788
[]

1184
4789
[]

1184
4790
[]

1184
4791
[]

1184
4792
[]

1184
4793
[]

1184
4794
[]

1184
4795
[]

1186
4796
[]

1186
4797
[]

1186
4798
[]

1186
4799
[]

1187
4800
[]

1187
4801
[]

1187
4802
[]

1187
4803
[]

1187
4804
[]

1187
4805
[]

1187
4806
[]

1188
4807
[]

1188
4808
[]

1188
4809
[]

1188
4810
[]

1188
4811
[]

1189
4812
[]

1192
4813
[]

1192
4814
[]

1192
4815
[]

1193
4816
[]

1193
4817
[]

1193
4818
[]

1193
4819
[]

1194
4820
[]

1194
4821
[]

1194
4822
[]

1195
4823
[]

1195
4824
[]

1195
4825
[]

1196
4826
[]

1196
4827
[]

1196
4828
[]

1196
4829
[]

1196
4830
[]

1196
4831
[]

1196
4832
[]

1196
4833
[]

1196
4834
[]

1197
4835
[]

1197
4836
[]

1197
4837
[]

1197
4838
[]

1197
4839
[]

1197
4840
[]

1198
4841
[]

1198
4842
[]

1198
4843
[]

1199
4844
[]

1199
4845
[]

1199
4846
[]

1199
4847
[]

1199
4848
[]

1200
4849
[]

1200
4850
[]

1200
4851
[]

1200
4852
[]

1203
4853
[]

1203
4854
[]

1203
4855
[]

1203
4856
[]

1203
4857
[]

1203
4858
[]

1204
4859
[]

1204
4860
[]

1204
4861
[]

1204
4862
[]

1204
4863
[]

1205
4864
[]

1205
4865
[]

1205
4866
[]

1206
4867
[]

1206
4868
[]

1206
4869
[]

1206
4870
[]

1206
4871
[]

1206
4872
[]

1209
4873
[]

1209
4874
[]

1209
4875
[]

1209
4876
[]

1209
4877
[]

1209
4878
[]

1210
4879
[]

1210
4880
[]

1210
4881
[]

1211
4882
[]

1211
4883
[]

1211
4884
[]

1212
4885
[]

1212
4886
[]

1212
4887
[]

1213
4888
[]

1213
4889
[]

1213
4890
[]

1213
4891
[]

1213
4892
[]

1214
4893
[]

1214
4894
[]

1214
4895
[]

1214
4896
[]

1215
4897
[]

1215
4898
[]

1215
4899
[]

1215
4900
[]

1216
4901
[]

1216
4902
[]

1216
4903
[]

1219
4904
[]

1219
4905
[]

1219
4906
[]

1219
4907
[]

1219
4908
[]

1219
4909
[]

1219
4910
[]

1219
4911
[]

1220
4912
[]

1220
4913
[]

1220
4914
[]

1220
4915
[]

1220
4916
[]

1220
4917
[]

1220
4918
[]

1220
4919
[]

1220
4920
[]

1221
4921
[]

1221
4922
[]

1221
4923
[]

1221
4924
[]

1226
4925
[]

1226
4926
[]

1226
4927
[]

1230
4928
[]

1230
4929
[]

1230
4930
[]

1230
4931
[]

1233
4932
[]

1233
4933
[]

1233
4934
[]

1233
4935
[]

1233
4936
[]

1233
4937
[]

1234
4938
[]

1234
4939
[]

1235
4940
[]

1235
4941
[]

1235
4942
[]

1235
4943
[]

1235
4944
[]

1238
4945
[]

1238
4946
[]

1238
4947
[]

1240
4948
[]

1240
4949
[]

1240
4950
[]

1240
4951
[]

1240
4952
[]

1240
4953
[]

1240
4954
[]

1241
4955
[]

1241
4956
[]

1241
4957
[]

1241
4958
[]

1241
4959
[]

1242
4960
[]

1242
4961
[]

1242
4962
[]

1242
4963
[]

1243
4964
[]

1243
4965
[]

1244
4966
[]

1245
4967
[]

1245
4968
[]

1245
4969
[]

1245
4970
[]

1245
4971
[]

1246
4972
[]

1246
4973
[]

1246
4974
[]

1246
4975
[]

1247
4976
[]

1247
4977
[]

1247
4978
[]

1247
4979
[]

1247
4980
[]

1248
4981
[]

1248
4982
[]

1249
4983
[]

1249
4984
[]

1249
4985
[]

1250
4986
[]

1250
4987
[]

1250
4988
[]

1251
4989
[]

1252
4990
[]

1252
4991
[]

1252
4992
[]

1253
4993
[]

1257
4994
[]

1259
4995
[]

1259
4996
[]

1259
4997
[]

1260
4998
[]

1261
4999
[]

1261
5000
[]

1261
5001
[]

1261
5002
[]

1262
5003
[]

1262
5004
[]

1262
5005
[]

1262
5006
[]

1262
5007
[]

1262
5008
[]

1266
5009
[]

1268
5010
[]

1270
5011
[]

1271
5012
[]

1271
5013
[]

1271
5014
[]

1271
5015
[]

1271
5016
[]

1271
5017
[]

1271
5018
[]

1271
5019
[]

1272
5020
[]

1272
5021
[]

1272
5022
[]

1272
5023
[]

1272
5024
[]

1272
5025
[]

1273
5026
[]

1273
5027
[]

1273
5028
[]

1273
5029
[]

1273
5030
[]

1273
5031
[]

1276
5032
[]

1277
5033
[]

1277
5034
[]

1277
5035
[]

1278
5036
[]

1278
5037
[]

1278
5038
[]

1279
5039
[]

1279
5040
[]

1279
5041
[]

1280
5042
[]

1280
5043
[]

1280
5044
[]

1280
5045
[]

1280
5046
[]

1280
5047
[]

1280
5048
[]

1280
5049
[]

1280
5050
[]

1281
5051
[]

1281
5052
[]

1282
5053
[]

1285
5054
[]

1286
5055
[]

1286
5056
[]

1286
5057
[]

1287
5058
[]

1287
5059
[]

1287
5060
[]

1287
5061
[]

1287
5062
[]

1287
5063
[]

1288
5064
[]

1288
5065
[]

1288
5066
[]

1288
5067
[]

1288
5068
[]

1288
5069
[]

1289
5070
[]

1290
5071
[]

1290
5072
[]

1292
5073
[]

1292
5074
[]

1292
5075
[]

1292
5076
[]

1292
5077
[]

1292
5078
[]

1293
5079
[]

1293
5080
[]

1293
5081
[]

1294
5082
[]

1294
5083
[]

1294
5084
[]

1294
5085
[]

1294
5086
[]

1294
5087
[]

1295
5088
[]

1296
5089
[]

1296
5090
[]

1296
5091
[]

1296
5092
[]

1296
5093
[]

1296
5094
[]

1298
5095
[]

1298
5096
[]

1298
5097
[]

1298
5098
[]

1298
5099
[]

1298
5100
[]

1299
5101
[]

1299
5102
[]

1299
5103
[]

1299
5104
[]

1299
5105
[]

1299
5106
[]

1300
5107
[]

1300
5108
[]

1300
5109
[]

1300
5110
[]

1300
5111
[]

1303
5112
[]

1303
5113
[]

1303
5114
[]

1303
5115
[]

1303
5116
[]

1303
5117
[]

1303
5118
[]

1303
5119
[]

1303
5120
[]

1304
5121
[]

1304
5122
[]

1304
5123
[]

1304
5124
[]

1304
5125
[]

1304
5126
[]

1305
5127
[]

1305
5128
[]

1305
5129
[]

1305
5130
[]

1305
5131
[]

1307
5132
[]

1307
5133
[]

1307
5134
[]

1308
5135
[]

1309
5136
[]

1309
5137
[]

1310
5138
[]

1311
5139
[]

1311
5140
[]

1311
5141
[]

1311
5142
[]

1312
5143
[]

1312
5144
[]

1312
5145
[]

1314
5146
[]

1314
5147
[]

1314
5148
[]

1314
5149
[]

1314
5150
[]

1315
5151
[]

1315
5152
[]

1315
5153
[]

1316
5154
[]

1318
5155
[]

1318
5156
[]

1318
5157
[]

1320
5158
[]

1320
5159
[]

1320
5160
[]

1320
5161
[]

1320
5162
[]

1321
5163
[]

1321
5164
[]

1321
5165
[]

1324
5166
[]

1324
5167
[]

1324
5168
[]

1324
5169
[]

1326
5170
[]

1327
5171
[]

1330
5172
[]

1330
5173
[]

1330
5174
[]

1330
5175
[]

1330
5176
[]

1330
5177
[]

1331
5178
[]

1331
5179
[]

1331
5180
[]

1331
5181
[]

1332
5182
[]

1332
5183
[]

1332
5184
[]

1332
5185
[]

1333
5186
[]

1333
5187
[]

1333
5188
[]

1333
5189
[]

1335
5190
[]

1335
5191
[]

1335
5192
[]

1335
5193
[]

1335
5194
[]

1336
5195
[]

1337
5196
[]

1337
5197
[]

1337
5198
[]

1337
5199
[]

1338
5200
[]

1338
5201
[]

1338
5202
[]

1338
5203
[]

1338
5204
[]

1339
5205
[]

1340
5206
[]

1340
5207
[]

1343
5208
[]

1343
5209
[]

1343
5210
[]

1343
5211
[]

1343
5212
[]

1343
5213
[]

1343
5214
[]

1343
5215
[]

1343
5216
[]

1343
5217
[]

1347
5218
[]

1347
5219
[]

1347
5220
[]

1347
5221
[]

1347
5222
[]

1347
5223
[]

1347
5224
[]

1347
5225
[]

1348
5226
[]

1348
5227
[]

1348
5228
[]

1348
5229
[]

1349
5230
[]

1350
5231
[]

1350
5232
[]

1350
5233
[]

1350
5234
[]

1350
5235
[]

1350
5236
[]

1350
5237
[]

1351
5238
[]

1352
5239
[]

1354
5240
[]

1354
5241
[]

1354
5242
[]

1354
5243
[]

1354
5244
[]

1354
5245
[]

1355
5246
[]

1355
5247
[]

1355
5248
[]

1355
5249
[]

1355
5250
[]

1355
5251
[]

1355
5252
[]

1355
5253
[]

1355
5254
[]

1356
5255
[]

1356
5256
[]

1356
5257
[]

1356
5258
[]

1356
5259
[]

1356
5260
[]

1357
5261
[]

1357
5262
[]

1359
5263
[]

1359
5264
[]

1359
5265
[]

1359
5266
[]

1359
5267
[]

1359
5268
[]

1359
5269
[]

1359
5270
[]

1359
5271
[]

1362
5272
[]

1362
5273
[]

1363
5274
[]

1363
5275
[]

1363
5276
[]

1363
5277
[]

1366
5278
[]

1367
5279
[]

1367
5280
[]

1367
5281
[]

1367
5282
[]

1367
5283
[]

1367
5284
[]

1367
5285
[]

1368
5286
[]

1368
5287
[]

1368
5288
[]

1368
5289
[]

1368
5290
[]

1368
5291
[]

1368
5292
[]

1368
5293
[]

1368
5294
[]

1369
5295
[]

1369
5296
[]

1369
5297
[]

1369
5298
[]

1369
5299
[]

1370
5300
[]

1370
5301
[]

1371
5302
[]

1371
5303
[]

1371
5304
[]

1371
5305
[]

1373
5306
[]

1373
5307
[]

1373
5308
[]

1373
5309
[]

1374
5310
[]

1374
5311
[]

1374
5312
[]

1375
5313
[]

1375
5314
[]

1375
5315
[]

1375
5316
[]

1375
5317
[]

1375
5318
[]

1375
5319
[]

1375
5320
[]

1375
5321
[]

1379
5322
[]

1379
5323
[]

1379
5324
[]

1380
5325
[]

1380
5326
[]

1380
5327
[]

1382
5328
[]

1382
5329
[]

1382
5330
[]

1385
5331
[]

1385
5332
[]

1385
5333
[]

1385
5334
[]

1385
5335
[]

1385
5336
[]

1385
5337
[]

1385
5338
[]

1386
5339
[]

1386
5340
[]

1386
5341
[]

1387
5342
[]

1387
5343
[]

1387
5344
[]

1387
5345
[]

1387
5346
[]

1388
5347
[]

1389
5348
[]

1389
5349
[]

1389
5350
[]

1389
5351
[]

1391
5352
[]

1391
5353
[]

1391
5354
[]

1391
5355
[]

1393
5356
[]

1393
5357
[]

1394
5358
[]

1399
5359
[]

1399
5360
[]

1399
5361
[]

1399
5362
[]

1400
5363
[]

1400
5364
[]

1400
5365
[]

1400
5366
[]

1400
5367
[]

1400
5368
[]

1400
5369
[]

1401
5370
[]

1401
5371
[]

1401
5372
[]

1401
5373
[]

1401
5374
[]

1401
5375
[]

1402
5376
[]

1404
5377
[]

1404
5378
[]

1405
5379
[]

1406
5380
[]

1406
5381
[]

1408
5382
[]

1408
5383
[]

1409
5384
[]

1411
5385
[]

1412
5386
[]

1415
5387
[]

1415
5388
[]

1419
5389
[]

1419
5390
[]

1420
5391
[]

1420
5392
[]

1421
5393
[]

1421
5394
[]

1421
5395
[]

1426
5396
[]

1426
5397
[]

1427
5398
[]

1427
5399
[]

1427
5400
[]

1427
5401
[]

1427
5402
[]

1427
5403
[]

1428
5404
[]

1429
5405
[]

1429
5406
[]

1432
5407
[]

1432
5408
[]

1432
5409
[]

1432
5410
[]

1432
5411
[]

1432
5412
[]

1434
5413
[]

1435
5414
[]

1435
5415
[]

1436
5416
[]

1440
5417
[]

1440
5418
[]

1440
5419
[]

1441
5420
[]

1442
5421
[]

1442
5422
[]

1444
5423
[]

1444
5424
[]

1444
5425
[]

1444
5426
[]

1445
5427
[]

1445
5428
[]

1445
5429
[]

1445
5430
[]

1445
5431
[]

1447
5432
[]

1447
5433
[]

1448
5434
[]

1448
5435
[]

1448
5436
[]

1448
5437
[]

1448
5438
[]

1448
5439
[]

1448
5440
[]

1449
5441
[]

1449
5442
[]

1449
5443
[]

1449
5444
[]

1449
5445
[]

1449
5446
[]

1450
5447
[]

1450
5448
[]

1450
5449
[]

1450
5450
[]

1451
5451
[]

1451
5452
[]

1451
5453
[]

1451
5454
[]

1451
5455
[]

1451
5456
[]

1452
5457
[]

1452
5458
[]

1452
5459
[]

1452
5460
[]

1456
5461
[]

1457
5462
[]

1457
5463
[]

1457
5464
[]

1458
5465
[]

1458
5466
[]

1458
5467
[]

1459
5468
[]

1460
5469
[]

1461
5470
[]

1461
5471
[]

1463
5472
[]

1463
5473
[]

1463
5474
[]

1463
5475
[]

1464
5476
[]

1464
5477
[]

1464
5478
[]

1464
5479
[]

1465
5480
[]

1466
5481
[]

1466
5482
[]

1466
5483
[]

1467
5484
[]

1467
5485
[]

1467
5486
[]

1467
5487
[]

1467
5488
[]

1470
5489
[]

1471
5490
[]

1471
5491
[]

1472
5492
[]

1473
5493
[]

1476
5494
[]

1476
5495
[]

1476
5496
[]

1477
5497
[]

1477
5498
[]

1477
5499
[]

1477
5500
[]

1479
5501
[]

1479
5502
[]

1479
5503
[]

1479
5504
[]

1479
5505
[]

1479
5506
[]

1479
5507
[]

1479
5508
[]

1481
5509
[]

1482
5510
[]

1482
5511
[]

1482
5512
[]

1482
5513
[]

1482
5514
[]

1482
5515
[]

1482
5516
[]

1483
5517
[]

1483
5518
[]

1489
5519
[]

1490
5520
[]

1491
5521
[]

1491
5522
[]

1494
5523
[]

1494
5524
[]

1494
5525
[]

1494
5526
[]

1497
5527
[]

1500
5528
[]

1500
5529
[]

1501
5530
[]

1501
5531
[]

1501
5532
[]

1501
5533
[]

1501
5534
[]

1501
5535
[]

1501
5536
[]

1501
5537
[]

1501
5538
[]

1504
5539
[]

1504
5540
[]

1509
5541
[]

1510
5542
[]

1510
5543
[]

1510
5544
[]

1510
5545
[]

1510
5546
[]

1510
5547
[]

1510
5548
[]

1510
5549
[]

1510
5550
[]

1511
5551
[]

1511
5552
[]

1511
5553
[]

1512
5554
[]

1512
5555
[]

1512
5556
[]

1513
5557
[]

1514
5558
[]

1514
5559
[]

1514
5560
[]

1514
5561
[]

1514
5562
[]

1515
5563
[]

1517
5564
[]

1517
5565
[]

1517
5566
[]

1520
5567
[]

1520
5568
[]

1520
5569
[]

1520
5570
[]

1521
5571
[]

1521
5572
[]

1521
5573
[]

1522
5574
[]

1522
5575
[]

1522
5576
[]

1522
5577
[]

1522
5578
[]

1523
5579
[]

1523
5580
[]

1523
5581
[]

1525
5582
[]

1528
5583
[]

1529
5584
[]

1531
5585
[]

1531
5586
[]

1531
5587
[]

1532
5588
[]

1532
5589
[]

1532
5590
[]

1533
5591
[]

1533
5592
[]

1533
5593
[]

1533
5594
[]

1533
5595
[]

1533
5596
[]

1533
5597
[]

1534
5598
[]

1535
5599
[]

1535
5600
[]

1537
5601
[]

1537
5602
[]

1538
5603
[]

1538
5604
[]

1538
5605
[]

1540
5606
[]

1541
5607
[]

1543
5608
[]

1543
5609
[]

1543
5610
[]

1543
5611
[]

1543
5612
[]

1544
5613
[]

1544
5614
[]

1545
5615
[]

1550
5616
[]

1551
5617
[]

1551
5618
[]

1552
5619
[]

1552
5620
[]

1553
5621
[]

1553
5622
[]

1553
5623
[]

1553
5624
[]

1553
5625
[]

1554
5626
[]

1554
5627
[]

1554
5628
[]

1554
5629
[]

1554
5630
[]

1556
5631
[]

1557
5632
[]

1558
5633
[]

1558
5634
[]

1558
5635
[]

1559
5636
[]

1561
5637
[]

1561
5638
[]

1561
5639
[]

1563
5640
[]

1563
5641
[]

1563
5642
[]

1565
5643
[]

1565
5644
[]

1565
5645
[]

1565
5646
[]

1565
5647
[]

1565
5648
[]

1565
5649
[]

1565
5650
[]

1565
5651
[]

1566
5652
[]

1566
5653
[]

1566
5654
[]

1566
5655
[]

1566
5656
[]

1566
5657
[]

1566
5658
[]

1569
5659
[]

1569
5660
[]

1569
5661
[]

1570
5662
[]

1571
5663
[]

1571
5664
[]

1572
5665
[]

1572
5666
[]

1572
5667
[]

1572
5668
[]

1573
5669
[]

1575
5670
[]

1575
5671
[]

1575
5672
[]

1578
5673
[]

1578
5674
[]

1578
5675
[]

1579
5676
[]

1579
5677
[]

1579
5678
[]

1581
5679
[]

1582
5680
[]

1582
5681
[]

1582
5682
[]

1582
5683
[]

1582
5684
[]

1583
5685
[]

1583
5686
[]

1583
5687
[]

1583
5688
[]

1584
5689
[]

1586
5690
[]

1586
5691
[]

1587
5692
[]

1587
5693
[]

1588
5694
[]

1588
5695
[]

1589
5696
[]

1589
5697
[]

1592
5698
[]

1592
5699
[]

1592
5700
[]

1596
5701
[]

1596
5702
[]

1600
5703
[]

1600
5704
[]

1600
5705
[]

1600
5706
[]

1601
5707
[]

1601
5708
[]

1601
5709
[]

1601
5710
[]

1601
5711
[]

1602
5712
[]

1604
5713
[]

1605
5714
[]

1606
5715
[]

1606
5716
[]

1606
5717
[]

1606
5718
[]

1606
5719
[]

1607
5720
[]

1609
5721
[]

1611
5722
[]

1611
5723
[]

1611
5724
[]

1611
5725
[]

1611
5726
[]

1611
5727
[]

1613
5728
[]

1613
5729
[]

1614
5730
[]

1614
5731
[]

1614
5732
[]

1615
5733
[]

1616
5734
[]

1616
5735
[]

1616
5736
[]

1617
5737
[]

1617
5738
[]

1617
5739
[]

1617
5740
[]

1619
5741
[]

1619
5742
[]

1619
5743
[]

1619
5744
[]

1619
5745
[]

1619
5746
[]

1619
5747
[]

1619
5748
[]

1619
5749
[]

1622
5750
[]

1622
5751
[]

1622
5752
[]

1622
5753
[]

1624
5754
[]

1625
5755
[]

1625
5756
[]

1625
5757
[]

1625
5758
[]

1625
5759
[]

1625
5760
[]

1625
5761
[]

1626
5762
[]

1628
5763
[]

1629
5764
[]

1629
5765
[]

1629
5766
[]

1629
5767
[]

1629
5768
[]

1629
5769
[]

1630
5770
[]

1631
5771
[]

1631
5772
[]

1631
5773
[]

1631
5774
[]

1631
5775
[]

1631
5776
[]

1631
5777
[]

1631
5778
[]

1631
5779
[]

1631
5780
[]

1632
5781
[]

1632
5782
[]

1632
5783
[]

1633
5784
[]

1633
5785
[]

1633
5786
[]

1633
5787
[]

1633
5788
[]

1633
5789
[]

1633
5790
[]

1634
5791
[]

1636
5792
[]

1636
5793
[]

1636
5794
[]

1636
5795
[]

1636
5796
[]

1636
5797
[]

1638
5798
[]

1638
5799
[]

1638
5800
[]

1638
5801
[]

1640
5802
[]

1640
5803
[]

1640
5804
[]

1640
5805
[]

1640
5806
[]

1640
5807
[]

1641
5808
[]

1641
5809
[]

1641
5810
[]

1642
5811
[]

1643
5812
[]

1643
5813
[]

1643
5814
[]

1643
5815
[]

1644
5816
[]

1644
5817
[]

